26
21
39
86
38
26
35
1
64
99
86
52
28
88
100
74
39
55
73
35
74
94
54
36
9
17
97
24
28
91
27
14
34
50
66
98
39
66
16
2
20
2
96
53
63
27
49
0
68
68
79
76
48
50
87
13
47
36
87
27
43
63
15
93
23
37
84
33
13
85
19
46
55
19
19
66
11
76
57
98
60
47
10
78
97
33
38
95
2
45
6
0
36
77
59
37
58
19
79
63
99
6
45
9
68
49
67
0
89
46
69
61
54
85
63
54
9
29
31
95
19
66
58
52
8
62
92
44
19
29
10
23
64
39
56
62
55
47
17
4
6
7
46
41
0
56
33
17
15
66
8
51
58
80
54
85
38
45
36
6
81
40
46
33
19
62
59
9
68
61
26
0
54
97
68
22
79
90
16
89
44
28
70
18
64
29
26
85
1
80
72
20
59
60
19
67
94
23
0
0
89
15
44
96
34
29
88
69
49
80
38
18
94
73
42
56
97
91
80
17
77
96
55
64
24
76
15
21
49
55
50
63
91
22
71
18
41
100
36
65
5
46
31
99
75
89
85
43
15
17
6
0
10
19
11
78
76
64
91
65
11
82
51
92
23
5
97
8
44
26
0
8
18
15
10
67
53
16
87
77
98
48
84
87
6
65
19
97
37
88
50
15
4
96
70
84
73
99
25
46
53
98
6
21
27
68
96
89
50
10
74
35
53
93
57
62
55
34
8
79
87
79
46
22
13
93
10
32
47
86
21
80
60
47
94
2
5
87
42
5
46
1
49
90
43
61
60
13
36
97
2
31
82
44
57
16
71
94
81
23
91
63
68
6
85
13
45
66
74
31
7
100
67
51
72
22
98
66
6
35
26
31
19
92
64
83
10
85
98
44
38
43
38
64
84
28
52
74
46
27
0
47
26
71
43
68
37
63
4
9
65
53
84
22
36
74
23
47
43
32
88
35
35
50
51
71
65
67
43
70
50
44
86
21
12
78
69
47
87
54
19
8
86
85
3
91
15
53
92
64
36
37
79
85
0
48
34
6
91
91
95
46
58
31
98
33
49
48
16
1
9
85
53
48
68
86
79
30
68
7
60
58
78
23
57
6
56
97
62
72
54
94
39
21
46
83
30
92
46
56